5
10:00 U
10:30 S
10:50 S
11:20 U
12:51 S

4
20:00 U
21:30 S
21:31 S
21:32 S



2
00:00 U
23:59 S

10
1 2 2 1 9999
1 3 3 1 100 9999
1 4 3 1 100 9999
1 5 3 1 100 9999
1 6 3 1 100 9999
1 7 3 1 100 9999
1 8 3 1 100 9999
1 9 3 1 100 9999
1 10 3 1 100 9999
2 3 2 1 9999
2 4 2 1 9999
2 5 2 1 9999
2 6 2 1 9999
2 7 2 1 9999
2 8 2 1 9999
2 9 2 1 9999
2 10 2 1 9999
3 4 3 1 100 9999
3 5 3 1 100 9999
3 6 3 1 100 9999
3 7 3 1 100 9999
3 8 3 1 100 9999
3 9 3 1 100 9999
3 10 3 1 100 9999
4 5 3 1 100 9999
4 6 3 1 100 9999
4 7 3 1 100 9999
4 8 3 1 100 9999
4 9 3 1 100 9999
4 10 3 1 100 9999
5 6 3 1 100 9999
5 7 3 1 100 9999
5 8 3 1 100 9999
5 9 3 1 100 9999
5 10 3 1 100 9999
6 7 3 1 100 9999
6 8 3 1 100 9999
6 9 3 1 100 9999
6 10 3 1 100 9999
7 8 3 1 100 9999
7 9 3 1 100 9999
7 10 3 1 100 9999
8 9 3 1 100 9999
8 10  3 1 100 9999
9 10 3 1 100 9999

4
1 2 2 1 2
1 3 2 1 3
1 4 2 1 4
2 3 2 1 99990
2 4 2 1 8
3 4 1 1

3
1 2 1 1
1 3 0
2 3 2 99990 1 

3
1 2 2 1 2
1 3 2 3 2 
3 2 1 3

3
1 2 2 1 2
1 3 2 3 4
3 2 0