/* N=0 */ {0, 0, 0, 0, 0, 0, 0, 0, 0, 0, 0, 0, 0, 0, 0, 0, 0, 0, 0, 0, 0, 0, 0, 0, 0, 0, 0, 0, 0, 0, 0, 0, 0, 0, 0, 0, 0, 0, 0, 0, 0, 0, 0, 0, 0, 0, 0, 0, 0, 0, 0, 0, 0, 0, 0, 0, 0, 0, 0, 0, 0, 0, 0, 0, 0, 0, 0, 0, 0, 0, 0, 0, 0, 0, 0, 0, 0, 0, 0, 0, 0, 0, 0, 0, 0, 0, 0, 0, 0, 0, 0, 0, 0, 0, 0, 0, 0, 0, 0, 0}, 
/* N=1 */ {1, 1, 0, 0, 0, 0, 0, 0, 0, 0, 0, 0, 0, 0, 0, 0, 0, 0, 0, 0, 0, 0, 0, 0, 0, 0, 0, 0, 0, 0, 0, 0, 0, 0, 0, 0, 0, 0, 0, 0, 0, 0, 0, 0, 0, 0, 0, 0, 0, 0, 0, 0, 0, 0, 0, 0, 0, 0, 0, 0, 0, 0, 0, 0, 0, 0, 0, 0, 0, 0, 0, 0, 0, 0, 0, 0, 0, 0, 0, 0, 0, 0, 0, 0, 0, 0, 0, 0, 0, 0, 0, 0, 0, 0, 0, 0, 0, 0, 0, 0}, 
/* N=2 */ {4, 1, 1, 1, 2, 0, 0, 0, 0, 0, 0, 0, 0, 0, 0, 0, 0, 0, 0, 0, 0, 0, 0, 0, 0, 0, 0, 0, 0, 0, 0, 0, 0, 0, 0, 0, 0, 0, 0, 0, 0, 0, 0, 0, 0, 0, 0, 0, 0, 0, 0, 0, 0, 0, 0, 0, 0, 0, 0, 0, 0, 0, 0, 0, 0, 0, 0, 0, 0, 0, 0, 0, 0, 0, 0, 0, 0, 0, 0, 0, 0, 0, 0, 0, 0, 0, 0, 0, 0, 0, 0, 0, 0, 0, 0, 0, 0, 0, 0, 0}, 
/* N=3 */ {9, 3, 2, 2, 2, 1, 2, 2, 1, 0, 1, 0, 0, 0, 0, 0, 0, 0, 0, 0, 0, 0, 0, 0, 0, 0, 0, 0, 0, 0, 0, 0, 0, 0, 0, 0, 0, 0, 0, 0, 0, 0, 0, 0, 0, 0, 0, 0, 0, 0, 0, 0, 0, 0, 0, 0, 0, 0, 0, 0, 0, 0, 0, 0, 0, 0, 0, 0, 0, 0, 0, 0, 0, 0, 0, 0, 0, 0, 0, 0, 0, 0, 0, 0, 0, 0, 0, 0, 0, 0, 0, 0, 0, 0, 0, 0, 0, 0, 0, 0}, 
/* N=4 */ {16, 16, 5, 6, 5, 5, 2, 4, 1, 5, 0, 2, 0, 2, 0, 0, 0, 1, 0, 0, 0, 0, 0, 0, 0, 0, 0, 0, 0, 0, 0, 0, 0, 0, 0, 0, 0, 0, 0, 0, 0, 0, 0, 0, 0, 0, 0, 0, 0, 0, 0, 0, 0, 0, 0, 0, 0, 0, 0, 0, 0, 0, 0, 0, 0, 0, 0, 0, 0, 0, 0, 0, 0, 0, 0, 0, 0, 0, 0, 0, 0, 0, 0, 0, 0, 0, 0, 0, 0, 0, 0, 0, 0, 0, 0, 0, 0, 0, 0, 0}, 
/* N=5 */ {25, 15, 11, 6, 3, 8, 2, 3, 6, 2, 3, 4, 3, 2, 1, 1, 1, 4, 1, 0, 0, 1, 0, 1, 0, 0, 0, 0, 0, 0, 0, 0, 0, 0, 0, 0, 0, 0, 0, 0, 0, 0, 0, 0, 0, 0, 0, 0, 0, 0, 0, 0, 0, 0, 0, 0, 0, 0, 0, 0, 0, 0, 0, 0, 0, 0, 0, 0, 0, 0, 0, 0, 0, 0, 0, 0, 0, 0, 0, 0, 0, 0, 0, 0, 0, 0, 0, 0, 0, 0, 0, 0, 0, 0, 0, 0, 0, 0, 0, 0}, 
/* N=6 */ {36, 9, 15, 3, 12, 1, 6, 2, 4, 2, 3, 1, 2, 2, 7, 2, 3, 0, 2, 0, 3, 2, 0, 0, 2, 0, 3, 0, 2, 0, 0, 0, 0, 0, 1, 0, 0, 0, 0, 0, 0, 0, 0, 0, 0, 0, 0, 0, 0, 0, 0, 0, 0, 0, 0, 0, 0, 0, 0, 0, 0, 0, 0, 0, 0, 0, 0, 0, 0, 0, 0, 0, 0, 0, 0, 0, 0, 0, 0, 0, 0, 0, 0, 0, 0, 0, 0, 0, 0, 0, 0, 0, 0, 0, 0, 0, 0, 0, 0, 0}, 
/* N=7 */ {49, 21, 14, 9, 10, 8, 6, 6, 4, 2, 7, 4, 2, 3, 5, 2, 7, 3, 3, 1, 1, 4, 3, 4, 2, 1, 1, 2, 1, 1, 2, 0, 0, 1, 2, 0, 0, 0, 0, 0, 0, 0, 0, 0, 0, 1, 0, 0, 0, 0, 0, 0, 0, 0, 0, 0, 0, 0, 0, 0, 0, 0, 0, 0, 0, 0, 0, 0, 0, 0, 0, 0, 0, 0, 0, 0, 0, 0, 0, 0, 0, 0, 0, 0, 0, 0, 0, 0, 0, 0, 0, 0, 0, 0, 0, 0, 0, 0, 0, 0}, 
/* N=8 */ {64, 64, 24, 36, 11, 24, 7, 16, 12, 11, 5, 12, 7, 7, 3, 10, 1, 12, 3, 8, 1, 5, 1, 6, 0, 7, 1, 4, 0, 3, 0, 5, 0, 1, 0, 4, 0, 3, 0, 0, 0, 1, 0, 2, 0, 1, 0, 1, 0, 0, 0, 1, 0, 1, 0, 1, 0, 0, 0, 0, 0, 0, 0, 0, 0, 0, 0, 0, 0, 0, 0, 0, 0, 0, 0, 0, 0, 0, 0, 0, 0, 0, 0, 0, 0, 0, 0, 0, 0, 0, 0, 0, 0, 0, 0, 0, 0, 0, 0, 0}, 
/* N=9 */ {81, 45, 30, 10, 14, 12, 14, 5, 9, 7, 14, 2, 6, 6, 8, 2, 5, 3, 5, 0, 9, 9, 4, 1, 4, 6, 5, 2, 1, 5, 4, 2, 4, 4, 1, 1, 1, 4, 0, 0, 1, 3, 3, 4, 1, 2, 0, 0, 1, 2, 0, 0, 0, 0, 1, 2, 0, 0, 0, 0, 0, 1, 0, 0, 0, 0, 0, 0, 0, 0, 0, 0, 0, 0, 0, 0, 0, 0, 0, 0, 0, 0, 0, 0, 0, 0, 0, 0, 0, 0, 0, 0, 0, 0, 0, 0, 0, 0, 0, 0}, 
/* N=10 */ {100, 25, 32, 13, 24, 7, 13, 7, 11, 4, 10, 4, 12, 4, 7, 5, 1, 1, 5, 1, 2, 4, 4, 4, 4, 5, 6, 3, 7, 2, 4, 1, 6, 1, 7, 0, 5, 0, 2, 0, 4, 0, 0, 0, 4, 0, 2, 2, 1, 0, 0, 2, 4, 0, 0, 0, 4, 0, 0, 0, 2, 0, 0, 0, 5, 0, 0, 0, 0, 1, 0, 0, 1, 0, 0, 0, 0, 0, 0, 0, 1, 0, 0, 0, 0, 0, 0, 0, 0, 0, 0, 0, 0, 0, 0, 0, 0, 0, 0, 0}, 
/* N=11 */ {121, 55, 35, 40, 29, 18, 18, 20, 15, 17, 11, 15, 9, 8, 6, 9, 5, 8, 5, 11, 2, 7, 3, 5, 8, 2, 7, 6, 7, 5, 3, 5, 3, 2, 6, 7, 4, 3, 5, 7, 5, 0, 3, 5, 0, 1, 1, 4, 3, 3, 1, 1, 1, 1, 1, 2, 0, 0, 1, 4, 1, 0, 1, 2, 2, 1, 2, 1, 0, 2, 0, 1, 0, 0, 1, 0, 1, 0, 0, 0, 0, 0, 0, 0, 0, 0, 0, 1, 0, 0, 0, 0, 0, 0, 0, 0, 0, 0, 0, 0}, 
/* N=12 */ {144, 144, 57, 54, 50, 57, 31, 26, 15, 50, 5, 20, 12, 31, 18, 11, 9, 15, 7, 14, 9, 5, 4, 8, 12, 12, 1, 11, 2, 18, 4, 5, 2, 9, 9, 9, 0, 7, 4, 9, 0, 9, 2, 2, 2, 4, 2, 4, 2, 12, 0, 3, 0, 1, 0, 4, 4, 2, 0, 3, 0, 4, 1, 0, 0, 2, 0, 2, 0, 9, 0, 0, 0, 0, 0, 0, 0, 4, 0, 2, 0, 0, 0, 0, 0, 2, 0, 0, 0, 2, 0, 0, 0, 2, 0, 0, 0, 2, 0, 0}, 
/* N=13 */ {169, 91, 56, 42, 28, 29, 31, 20, 17, 12, 26, 5, 19, 18, 5, 12, 6, 8, 4, 2, 14, 14, 5, 3, 9, 12, 8, 7, 7, 3, 12, 8, 15, 4, 6, 2, 6, 3, 5, 1, 3, 10, 4, 7, 4, 3, 0, 3, 3, 6, 2, 9, 3, 3, 4, 7, 1, 4, 0, 0, 2, 4, 3, 0, 2, 7, 2, 4, 1, 1, 1, 0, 0, 0, 0, 0, 0, 1, 0, 0, 2, 1, 1, 0, 0, 0, 0, 1, 1, 2, 1, 1, 0, 0, 0, 1, 0, 0, 0, 0}, 
/* N=14 */ {196, 49, 70, 23, 45, 17, 30, 12, 21, 8, 23, 12, 18, 1, 19, 6, 17, 6, 15, 6, 9, 5, 7, 5, 5, 3, 2, 0, 6, 5, 3, 3, 7, 6, 6, 5, 5, 10, 9, 3, 3, 1, 7, 3, 7, 2, 7, 2, 9, 0, 5, 0, 4, 0, 8, 0, 3, 1, 2, 3, 2, 0, 4, 1, 6, 2, 3, 1, 3, 0, 4, 1, 3, 0, 5, 1, 5, 0, 3, 1, 1, 0, 2, 0, 4, 0, 5, 1, 2, 1, 0, 0, 0, 1, 1, 0, 1, 0, 1, 0}, 
/* N=15 */ {225, 105, 98, 51, 56, 46, 33, 25, 34, 26, 10, 25, 27, 17, 24, 11, 8, 20, 9, 14, 16, 5, 10, 11, 14, 11, 11, 6, 5, 12, 12, 6, 3, 1, 8, 9, 12, 4, 15, 4, 5, 8, 7, 2, 6, 5, 5, 5, 7, 5, 5, 6, 3, 7, 5, 2, 3, 3, 5, 8, 4, 6, 9, 4, 5, 2, 4, 1, 3, 4, 1, 6, 1, 2, 7, 2, 0, 5, 2, 2, 1, 0, 0, 3, 1, 3, 1, 1, 0, 3, 1, 2, 4, 1, 2, 2, 2, 3, 1, 1}, 
/* N=16 */ {256, 256, 56, 132, 57, 56, 46, 92, 20, 57, 31, 29, 13, 46, 8, 39, 7, 20, 13, 40, 13, 31, 5, 18, 14, 13, 3, 25, 11, 8, 15, 19, 5, 7, 6, 13, 2, 13, 2, 27, 4, 13, 6, 22, 0, 5, 4, 10, 4, 14, 2, 9, 4, 3, 4, 20, 2, 11, 4, 8, 2, 15, 4, 9, 0, 5, 2, 3, 0, 6, 4, 8, 0, 2, 0, 0, 0, 2, 0, 12, 0, 4, 0, 0, 0, 6, 0, 11, 0, 0, 0, 2, 0, 4, 0, 2, 0, 4, 0, 5}, 
/* N=17 */ {289, 153, 99, 30, 54, 43, 38, 16, 31, 25, 23, 9, 33, 21, 21, 8, 13, 11, 16, 3, 12, 15, 8, 5, 10, 14, 6, 4, 19, 6, 6, 5, 9, 7, 4, 4, 17, 6, 16, 2, 18, 8, 14, 4, 15, 5, 6, 1, 11, 6, 6, 3, 3, 2, 3, 2, 11, 13, 6, 1, 8, 5, 5, 4, 12, 7, 9, 1, 4, 4, 2, 4, 6, 12, 5, 2, 6, 7, 3, 2, 2, 9, 3, 2, 3, 6, 1, 1, 0, 4, 2, 2, 1, 4, 3, 1, 2, 6, 1, 0}, 
/* N=18 */ {324, 81, 192, 23, 76, 43, 57, 12, 70, 27, 28, 10, 12, 16, 49, 6, 14, 10, 10, 11, 43, 7, 22, 4, 19, 3, 27, 1, 10, 13, 9, 0, 18, 2, 16, 1, 10, 3, 6, 8, 6, 11, 10, 4, 15, 7, 2, 4, 6, 6, 9, 1, 7, 6, 7, 0, 7, 0, 10, 3, 16, 4, 16, 0, 0, 5, 5, 1, 13, 3, 0, 0, 2, 2, 13, 0, 2, 2, 2, 2, 13, 2, 0, 0, 2, 0, 10, 0, 0, 3, 4, 0, 5, 0, 2, 0, 4, 2, 12, 0}, 
/* N=19 */ {361, 171, 73, 90, 72, 39, 50, 59, 26, 35, 38, 25, 29, 24, 15, 28, 14, 14, 10, 16, 14, 24, 12, 18, 10, 16, 6, 11, 6, 5, 16, 15, 7, 5, 13, 9, 8, 7, 6, 9, 11, 7, 21, 12, 4, 7, 21, 8, 11, 5, 5, 10, 11, 3, 15, 7, 2, 2, 4, 3, 6, 10, 5, 10, 8, 5, 13, 3, 2, 8, 5, 8, 4, 4, 5, 5, 4, 4, 5, 7, 2, 5, 7, 5, 4, 10, 1, 9, 3, 1, 3, 3, 0, 4, 0, 4, 3, 1, 2, 4}, 
/* N=20 */ {400, 400, 156, 182, 83, 156, 62, 100, 60, 83, 39, 70, 27, 62, 32, 52, 26, 60, 11, 32, 24, 39, 16, 37, 21, 27, 21, 24, 24, 32, 5, 17, 14, 26, 14, 26, 7, 11, 12, 19, 7, 24, 13, 14, 13, 16, 5, 21, 6, 21, 12, 14, 7, 21, 6, 14, 3, 24, 3, 11, 6, 5, 7, 12, 3, 14, 5, 16, 4, 14, 4, 15, 3, 7, 4, 7, 6, 12, 4, 10, 4, 7, 0, 8, 1, 13, 1, 10, 3, 13, 3, 3, 0, 5, 0, 4, 3, 6, 1, 5}, 
/* N=21 */ {441, 231, 123, 108, 88, 70, 67, 55, 30, 37, 49, 31, 46, 31, 25, 28, 23, 19, 26, 16, 17, 22, 18, 14, 11, 25, 6, 17, 14, 12, 14, 9, 14, 11, 17, 8, 12, 10, 15, 8, 7, 8, 10, 13, 6, 13, 16, 8, 11, 6, 10, 15, 14, 3, 17, 11, 13, 7, 9, 6, 10, 9, 3, 5, 12, 8, 7, 7, 5, 9, 7, 7, 7, 9, 3, 4, 5, 12, 5, 3, 3, 5, 7, 3, 4, 7, 7, 9, 9, 4, 9, 10, 5, 9, 7, 3, 7, 4, 5, 4}, 
/* N=22 */ {484, 121, 196, 61, 113, 65, 63, 32, 48, 28, 27, 31, 46, 14, 50, 18, 25, 19, 22, 19, 33, 7, 20, 13, 29, 13, 24, 9, 36, 17, 9, 9, 13, 3, 6, 9, 6, 12, 15, 6, 3, 8, 7, 2, 9, 1, 10, 9, 14, 7, 3, 6, 3, 8, 12, 5, 14, 12, 7, 13, 3, 3, 9, 5, 7, 5, 7, 2, 8, 2, 7, 6, 5, 0, 17, 4, 2, 7, 6, 4, 9, 1, 14, 4, 11, 2, 17, 1, 17, 2, 10, 0, 5, 0, 2, 4, 4, 0, 0, 0}, 
/* N=23 */ {529, 253, 147, 125, 84, 78, 74, 70, 48, 31, 65, 39, 60, 38, 19, 35, 27, 27, 33, 14, 21, 29, 17, 20, 11, 27, 11, 15, 17, 10, 11, 19, 16, 12, 9, 14, 10, 13, 18, 6, 15, 9, 11, 16, 7, 9, 10, 15, 12, 6, 9, 14, 12, 8, 10, 10, 15, 12, 25, 5, 12, 5, 12, 7, 13, 7, 9, 5, 6, 4, 2, 5, 8, 6, 5, 8, 11, 11, 7, 3, 4, 10, 8, 4, 7, 7, 3, 12, 13, 6, 14, 4, 5, 8, 8, 11, 9, 8, 9, 4}, 
/* N=24 */ {576, 576, 217, 360, 152, 217, 110, 162, 90, 152, 55, 142, 42, 110, 46, 98, 24, 90, 15, 96, 38, 55, 20, 57, 28, 42, 33, 78, 20, 46, 15, 45, 18, 24, 24, 59, 11, 15, 16, 35, 20, 38, 10, 27, 18, 20, 3, 38, 20, 28, 6, 24, 4, 33, 20, 28, 2, 20, 17, 32, 1, 15, 11, 23, 9, 18, 4, 11, 4, 24, 2, 24, 6, 11, 3, 13, 6, 16, 2, 21, 6, 20, 2, 26, 7, 10, 4, 9, 1, 18, 2, 18, 3, 3, 1, 16, 5, 20, 4, 21}, 
/* N=25 */ {625, 325, 181, 62, 142, 84, 93, 31, 57, 86, 50, 13, 55, 48, 38, 17, 29, 25, 19, 13, 39, 31, 34, 10, 33, 24, 14, 8, 28, 23, 20, 6, 10, 18, 19, 5, 17, 11, 5, 6, 19, 16, 12, 6, 13, 17, 12, 5, 18, 19, 12, 5, 12, 6, 22, 8, 7, 16, 13, 4, 27, 11, 19, 3, 25, 3, 10, 4, 18, 8, 18, 4, 14, 13, 11, 2, 11, 1, 8, 3, 12, 10, 9, 3, 8, 7, 17, 3, 9, 8, 12, 7, 7, 8, 3, 2, 14, 13, 4, 4}, 
/* N=26 */ {676, 169, 262, 82, 151, 75, 104, 42, 90, 31, 80, 37, 54, 25, 49, 25, 45, 16, 25, 17, 49, 26, 27, 17, 24, 9, 30, 15, 31, 13, 28, 18, 39, 14, 31, 11, 25, 4, 20, 6, 13, 12, 13, 9, 15, 8, 12, 5, 10, 3, 14, 4, 13, 4, 16, 5, 12, 3, 8, 10, 12, 7, 18, 13, 4, 14, 5, 6, 11, 7, 3, 6, 6, 6, 6, 1, 5, 5, 6, 2, 9, 4, 5, 9, 11, 5, 15, 5, 8, 4, 11, 2, 10, 3, 4, 4, 7, 1, 15, 2}, 
/* N=27 */ {729, 351, 260, 186, 127, 119, 98, 93, 96, 76, 61, 52, 47, 43, 40, 45, 46, 48, 32, 42, 33, 27, 41, 21, 37, 20, 33, 20, 18, 25, 22, 19, 25, 26, 16, 23, 22, 25, 12, 19, 17, 11, 22, 14, 15, 19, 21, 10, 13, 25, 15, 11, 12, 19, 4, 12, 8, 11, 6, 12, 14, 10, 18, 8, 12, 13, 20, 10, 19, 8, 17, 10, 11, 7, 12, 18, 10, 5, 3, 10, 17, 7, 7, 2, 10, 7, 5, 8, 6, 9, 10, 10, 15, 11, 6, 5, 4, 5, 15, 16}, 
/* N=28 */ {784, 784, 229, 386, 174, 229, 122, 193, 82, 174, 79, 106, 65, 122, 58, 96, 49, 82, 52, 71, 27, 79, 33, 54, 33, 65, 24, 53, 26, 58, 18, 51, 21, 49, 33, 45, 18, 52, 15, 30, 24, 27, 22, 24, 19, 33, 14, 23, 21, 33, 15, 35, 20, 24, 19, 20, 15, 26, 13, 23, 13, 18, 13, 32, 14, 21, 8, 30, 3, 33, 8, 21, 12, 18, 12, 23, 16, 15, 7, 14, 6, 24, 4, 13, 11, 22, 10, 16, 2, 19, 6, 21, 2, 14, 6, 13, 13, 21, 4, 20}, 
/* N=29 */ {841, 435, 283, 204, 192, 138, 134, 107, 78, 94, 82, 81, 50, 66, 65, 49, 53, 41, 41, 38, 45, 47, 40, 45, 34, 24, 29, 30, 37, 29, 27, 19, 31, 31, 27, 23, 21, 23, 18, 23, 17, 23, 15, 24, 13, 15, 18, 15, 21, 11, 16, 11, 23, 15, 18, 13, 8, 22, 14, 15, 7, 16, 16, 15, 16, 20, 16, 14, 13, 13, 21, 14, 24, 10, 14, 13, 17, 8, 11, 11, 13, 7, 11, 14, 19, 6, 11, 8, 11, 8, 8, 6, 12, 5, 12, 8, 12, 13, 8, 4}, 
/* N=30 */ {900, 225, 414, 81, 209, 77, 128, 34, 157, 45, 79, 26, 97, 33, 105, 11, 45, 28, 49, 8, 58, 20, 25, 14, 55, 21, 55, 7, 33, 15, 19, 6, 36, 19, 37, 12, 23, 21, 52, 5, 27, 9, 24, 5, 46, 5, 17, 5, 24, 8, 20, 8, 24, 7, 10, 2, 14, 13, 14, 2, 20, 3, 22, 2, 24, 9, 30, 7, 10, 10, 9, 8, 20, 8, 27, 15, 10, 12, 7, 4, 13, 7, 7, 5, 8, 11, 10, 3, 7, 5, 12, 2, 8, 0, 12, 4, 15, 9, 16, 0}, 
/* N=31 */ {961, 465, 302, 235, 169, 153, 147, 121, 77, 87, 95, 68, 71, 77, 63, 61, 55, 40, 38, 40, 42, 50, 51, 42, 40, 27, 21, 47, 25, 38, 28, 28, 29, 25, 25, 23, 36, 19, 16, 21, 24, 27, 13, 28, 7, 18, 9, 20, 16, 20, 15, 13, 15, 12, 26, 23, 13, 14, 19, 14, 7, 14, 11, 17, 11, 17, 18, 16, 21, 14, 24, 12, 16, 17, 25, 9, 19, 8, 25, 7, 11, 13, 30, 13, 10, 11, 14, 11, 13, 7, 21, 8, 8, 2, 8, 11, 6, 10, 10, 6}, 
/* N=32 */ {1024, 1024, 355, 560, 245, 355, 161, 284, 125, 245, 75, 185, 94, 161, 69, 146, 43, 125, 68, 156, 58, 75, 38, 100, 53, 94, 34, 102, 28, 69, 33, 59, 29, 43, 48, 69, 18, 68, 33, 83, 16, 58, 25, 27, 22, 38, 27, 49, 16, 53, 22, 36, 27, 34, 19, 44, 23, 28, 16, 40, 7, 33, 18, 33, 29, 29, 21, 24, 17, 48, 18, 37, 10, 18, 9, 37, 8, 33, 15, 35, 13, 16, 13, 39, 1, 25, 12, 14, 8, 22, 9, 18, 8, 27, 14, 23, 13, 16, 11, 41}, 
/* N=33 */ {1089, 561, 356, 68, 231, 188, 157, 36, 119, 106, 105, 23, 88, 75, 65, 21, 61, 70, 76, 11, 47, 43, 41, 10, 48, 39, 52, 15, 52, 23, 36, 9, 29, 33, 24, 8, 17, 46, 22, 3, 19, 23, 19, 3, 17, 22, 23, 8, 19, 21, 17, 3, 10, 28, 23, 8, 27, 20, 20, 2, 22, 19, 17, 4, 25, 12, 18, 8, 15, 10, 18, 7, 29, 11, 19, 4, 17, 9, 24, 1, 34, 11, 13, 2, 28, 12, 23, 2, 19, 7, 22, 4, 22, 5, 25, 2, 8, 13, 13, 5}, 
/* N=34 */ {1156, 289, 314, 145, 228, 70, 147, 77, 113, 57, 123, 36, 103, 31, 61, 39, 51, 11, 62, 26, 59, 32, 66, 19, 38, 27, 38, 15, 47, 15, 47, 23, 23, 8, 31, 3, 32, 17, 30, 15, 36, 12, 47, 20, 33, 18, 15, 10, 29, 9, 11, 16, 28, 0, 21, 5, 20, 13, 8, 5, 13, 15, 12, 10, 11, 6, 14, 6, 18, 6, 6, 3, 6, 8, 8, 7, 10, 7, 10, 9, 9, 13, 9, 7, 6, 14, 14, 15, 10, 7, 15, 10, 10, 9, 6, 10, 7, 6, 9, 7}, 
/* N=35 */ {1225, 595, 417, 382, 220, 187, 166, 264, 129, 113, 101, 119, 90, 80, 60, 135, 85, 61, 78, 71, 66, 54, 38, 89, 41, 48, 52, 43, 38, 31, 47, 69, 37, 44, 25, 39, 28, 39, 27, 49, 22, 27, 30, 36, 10, 22, 27, 47, 20, 24, 26, 23, 19, 25, 19, 30, 13, 17, 21, 23, 15, 18, 21, 35, 15, 20, 17, 33, 6, 13, 16, 30, 14, 14, 11, 26, 20, 14, 16, 29, 15, 11, 19, 16, 15, 17, 14, 22, 20, 4, 20, 11, 18, 15, 20, 22, 19, 3, 10, 16}, 
/* N=36 */ {1296, 1296, 654, 550, 263, 654, 221, 302, 215, 263, 130, 291, 83, 221, 152, 113, 82, 215, 71, 105, 112, 130, 69, 147, 68, 83, 81, 85, 42, 152, 40, 51, 63, 82, 45, 87, 45, 71, 42, 68, 34, 112, 20, 60, 48, 69, 35, 53, 28, 68, 47, 30, 14, 81, 19, 55, 34, 42, 14, 58, 18, 40, 37, 22, 9, 63, 18, 30, 33, 45, 12, 50, 5, 45, 38, 38, 20, 42, 10, 17, 25, 34, 6, 44, 12, 20, 20, 25, 14, 48, 6, 28, 16, 35, 7, 26, 16, 28, 18, 27}, 
/* N=37 */ {1369, 703, 339, 344, 294, 169, 222, 166, 120, 138, 90, 79, 98, 115, 68, 84, 78, 52, 88, 71, 55, 49, 54, 34, 47, 55, 37, 55, 38, 25, 58, 41, 21, 45, 58, 22, 39, 41, 24, 34, 39, 31, 30, 26, 33, 31, 30, 18, 29, 19, 21, 28, 22, 19, 16, 26, 21, 15, 13, 7, 14, 29, 13, 21, 19, 9, 26, 23, 13, 33, 19, 14, 20, 21, 9, 24, 14, 16, 18, 13, 9, 27, 16, 13, 23, 19, 15, 13, 27, 10, 30, 20, 16, 14, 28, 10, 29, 16, 11, 14}, 
/* N=38 */ {1444, 361, 495, 179, 299, 112, 230, 87, 150, 67, 118, 57, 109, 53, 98, 36, 97, 32, 79, 27, 69, 37, 42, 30, 48, 29, 43, 23, 64, 25, 48, 26, 39, 29, 48, 12, 42, 19, 31, 8, 34, 15, 50, 16, 30, 7, 34, 16, 51, 13, 45, 23, 50, 12, 32, 9, 34, 15, 19, 8, 21, 5, 14, 7, 25, 9, 28, 8, 10, 9, 15, 5, 20, 11, 10, 11, 18, 6, 24, 5, 19, 4, 14, 8, 24, 11, 24, 11, 15, 10, 8, 6, 17, 8, 16, 16, 18, 21, 10, 7}, 
/* N=39 */ {1521, 741, 427, 367, 319, 224, 232, 214, 148, 157, 155, 107, 97, 87, 90, 93, 87, 73, 84, 70, 64, 74, 89, 63, 79, 47, 47, 46, 37, 42, 46, 49, 62, 50, 62, 33, 53, 41, 24, 42, 27, 30, 39, 35, 18, 43, 26, 25, 25, 38, 26, 24, 25, 27, 30, 30, 26, 20, 27, 15, 20, 22, 15, 21, 16, 26, 23, 22, 18, 18, 18, 14, 15, 24, 21, 21, 22, 17, 11, 23, 16, 14, 18, 19, 20, 21, 7, 19, 23, 7, 12, 19, 14, 14, 19, 14, 22, 9, 32, 16}, 
/* N=40 */ {1600, 1600, 618, 804, 348, 618, 251, 362, 259, 348, 134, 311, 122, 251, 110, 188, 88, 259, 67, 178, 88, 134, 67, 113, 68, 122, 115, 138, 56, 110, 64, 91, 37, 88, 54, 143, 45, 67, 46, 79, 32, 88, 29, 67, 45, 67, 34, 67, 43, 68, 31, 76, 43, 115, 23, 75, 26, 56, 15, 58, 25, 64, 40, 41, 29, 37, 28, 30, 31, 54, 19, 44, 14, 45, 20, 43, 20, 46, 17, 42, 55, 32, 22, 49, 24, 29, 27, 22, 15, 45, 19, 24, 16, 34, 10, 25, 13, 43, 20, 44}, 
/* N=41 */ {1681, 861, 539, 198, 298, 273, 264, 97, 190, 158, 182, 64, 128, 132, 100, 50, 100, 95, 82, 43, 88, 104, 76, 33, 53, 64, 60, 26, 64, 57, 43, 27, 56, 54, 53, 24, 38, 45, 38, 22, 50, 40, 37, 30, 33, 36, 32, 13, 26, 25, 24, 9, 33, 31, 30, 6, 20, 42, 24, 19, 35, 19, 33, 13, 11, 27, 27, 8, 25, 25, 23, 11, 18, 19, 18, 8, 28, 18, 29, 15, 15, 29, 18, 7, 13, 15, 27, 16, 12, 22, 25, 9, 19, 17, 16, 6, 14, 15, 26, 7}, 
/* N=42 */ {1764, 441, 683, 171, 425, 137, 289, 83, 198, 114, 152, 66, 134, 71, 162, 40, 79, 51, 144, 44, 107, 35, 42, 33, 94, 43, 60, 30, 58, 31, 39, 18, 58, 17, 68, 36, 52, 42, 51, 20, 48, 25, 27, 5, 41, 12, 43, 18, 59, 22, 30, 20, 49, 21, 63, 15, 67, 14, 43, 19, 34, 9, 38, 7, 41, 6, 27, 6, 15, 14, 20, 8, 22, 10, 31, 0, 30, 10, 21, 11, 15, 9, 19, 11, 22, 5, 18, 3, 26, 8, 23, 8, 10, 6, 43, 12, 24, 8, 12, 12}, 
/* N=43 */ {1849, 903, 489, 456, 362, 268, 254, 238, 161, 189, 148, 138, 120, 121, 95, 120, 101, 90, 74, 92, 67, 77, 100, 78, 78, 62, 54, 73, 55, 56, 61, 64, 42, 44, 40, 44, 82, 43, 43, 50, 51, 29, 40, 38, 32, 44, 33, 40, 30, 45, 30, 30, 27, 33, 24, 43, 21, 27, 30, 22, 14, 27, 15, 30, 21, 28, 20, 23, 21, 19, 18, 23, 16, 42, 21, 22, 23, 23, 26, 30, 9, 27, 26, 17, 9, 27, 14, 21, 17, 17, 12, 22, 18, 18, 29, 21, 17, 20, 14, 22}, 
/* N=44 */ {1936, 1936, 805, 980, 417, 805, 300, 506, 309, 417, 180, 406, 122, 300, 174, 249, 115, 309, 101, 230, 117, 180, 71, 222, 79, 122, 115, 159, 89, 174, 60, 118, 69, 115, 51, 146, 44, 101, 54, 137, 37, 117, 48, 80, 69, 71, 34, 105, 47, 79, 49, 62, 34, 115, 41, 93, 51, 89, 24, 108, 30, 60, 32, 56, 23, 69, 29, 57, 29, 51, 25, 73, 21, 44, 30, 48, 34, 54, 13, 64, 45, 37, 23, 60, 12, 48, 35, 36, 12, 69, 23, 35, 20, 34, 18, 49, 24, 47, 27, 42}, 
/* N=45 */ {2025, 1035, 774, 510, 447, 307, 287, 251, 290, 218, 202, 107, 194, 161, 179, 131, 133, 116, 94, 98, 107, 105, 80, 60, 100, 89, 108, 84, 48, 70, 43, 68, 54, 74, 61, 27, 55, 51, 101, 52, 61, 44, 43, 50, 60, 39, 37, 25, 58, 50, 39, 35, 40, 49, 46, 44, 43, 30, 37, 21, 36, 22, 41, 36, 42, 22, 29, 34, 24, 28, 27, 12, 42, 25, 33, 26, 24, 33, 23, 24, 37, 26, 25, 15, 41, 16, 15, 30, 21, 28, 32, 19, 13, 18, 29, 15, 18, 39, 15, 25}, 
/* N=46 */ {2116, 529, 654, 247, 433, 107, 305, 117, 200, 95, 208, 49, 192, 75, 141, 61, 110, 29, 125, 39, 113, 47, 92, 27, 73, 33, 69, 40, 53, 26, 75, 21, 66, 22, 61, 10, 60, 38, 56, 19, 50, 32, 58, 27, 37, 19, 34, 4, 49, 10, 32, 16, 48, 10, 60, 24, 45, 9, 64, 15, 64, 20, 46, 13, 38, 10, 40, 15, 27, 6, 21, 2, 24, 14, 20, 13, 28, 7, 31, 12, 21, 17, 38, 12, 25, 23, 4, 13, 24, 9, 27, 7, 24, 7, 15, 0, 20, 16, 12, 6}, 
/* N=47 */ {2209, 1081, 612, 561, 425, 326, 319, 282, 196, 206, 178, 192, 148, 152, 123, 152, 161, 112, 110, 109, 82, 88, 100, 89, 86, 78, 64, 82, 62, 66, 58, 85, 49, 72, 64, 70, 57, 59, 38, 58, 67, 50, 67, 47, 38, 46, 29, 49, 36, 36, 41, 37, 40, 36, 38, 38, 24, 29, 33, 35, 31, 27, 31, 40, 27, 29, 25, 38, 24, 34, 27, 32, 21, 17, 25, 31, 19, 17, 26, 33, 20, 26, 31, 30, 24, 35, 13, 27, 31, 19, 18, 25, 24, 18, 20, 25, 24, 21, 18, 17}, 
/* N=48 */ {2304, 2304, 965, 1360, 617, 965, 379, 734, 296, 617, 197, 552, 172, 379, 235, 352, 136, 296, 102, 365, 157, 197, 88, 320, 156, 172, 103, 233, 82, 235, 106, 195, 80, 136, 98, 154, 57, 102, 51, 225, 49, 157, 40, 114, 67, 88, 36, 149, 33, 156, 62, 106, 38, 103, 59, 145, 43, 82, 33, 136, 50, 106, 52, 90, 50, 80, 22, 91, 38, 98, 35, 94, 14, 57, 60, 55, 26, 51, 12, 79, 42, 49, 32, 84, 39, 40, 41, 68, 21, 67, 34, 48, 41, 36, 23, 78, 15, 33, 19, 83}, 
/* N=49 */ {2401, 1225, 734, 202, 488, 355, 343, 107, 212, 248, 252, 41, 195, 159, 123, 62, 153, 104, 142, 38, 98, 117, 106, 22, 112, 100, 73, 29, 55, 58, 76, 31, 69, 72, 66, 17, 53, 76, 58, 20, 59, 43, 60, 25, 35, 56, 84, 12, 50, 49, 35, 10, 31, 33, 51, 12, 46, 32, 45, 3, 36, 38, 29, 11, 29, 30, 49, 15, 25, 30, 31, 7, 17, 27, 17, 4, 32, 25, 19, 8, 20, 25, 22, 4, 40, 30, 18, 13, 41, 15, 32, 13, 22, 54, 19, 10, 29, 25, 19, 10}, 
/* N=50 */ {2500, 625, 959, 299, 682, 221, 332, 135, 317, 153, 198, 108, 163, 68, 239, 79, 159, 76, 127, 61, 127, 55, 86, 43, 124, 39, 103, 28, 90, 42, 77, 45, 69, 47, 102, 31, 53, 28, 73, 35, 64, 35, 66, 42, 80, 23, 39, 26, 40, 17, 57, 14, 41, 15, 73, 10, 60, 36, 76, 21, 64, 22, 63, 26, 61, 21, 60, 24, 30, 17, 36, 18, 40, 16, 44, 12, 27, 11, 35, 13, 40, 15, 28, 8, 49, 22, 30, 11, 28, 15, 12, 9, 25, 6, 37, 16, 31, 9, 16, 9}, 
/* N=51 */ {2601, 1275, 788, 696, 463, 407, 380, 359, 256, 227, 244, 224, 195, 197, 139, 179, 155, 135, 149, 119, 106, 127, 111, 111, 98, 101, 88, 112, 87, 63, 82, 91, 73, 71, 60, 76, 77, 75, 49, 66, 61, 64, 66, 73, 53, 59, 47, 48, 61, 42, 44, 55, 49, 50, 42, 60, 42, 50, 42, 32, 28, 37, 31, 51, 34, 42, 25, 38, 30, 31, 30, 37, 29, 42, 27, 39, 30, 28, 27, 31, 22, 20, 26, 37, 25, 30, 24, 35, 22, 18, 20, 39, 25, 15, 26, 21, 27, 38, 20, 23}, 
/* N=52 */ {2704, 2704, 850, 1310, 668, 850, 427, 680, 271, 668, 264, 418, 221, 427, 224, 357, 151, 271, 157, 325, 134, 264, 124, 219, 108, 221, 112, 209, 107, 224, 76, 204, 127, 151, 108, 148, 67, 157, 64, 145, 57, 134, 53, 139, 80, 124, 58, 104, 59, 108, 43, 90, 48, 112, 55, 113, 40, 107, 39, 105, 44, 76, 41, 109, 59, 127, 34, 83, 34, 108, 28, 74, 27, 67, 35, 75, 20, 64, 26, 73, 40, 57, 41, 59, 40, 53, 22, 75, 28, 80, 46, 60, 23, 58, 30, 45, 45, 59, 34, 43}, 
/* N=53 */ {2809, 1431, 973, 678, 631, 450, 394, 343, 366, 313, 232, 222, 218, 198, 216, 164, 153, 180, 155, 168, 138, 125, 99, 116, 135, 116, 125, 107, 98, 96, 79, 78, 73, 78, 86, 94, 65, 81, 77, 95, 84, 59, 79, 68, 100, 56, 74, 56, 55, 63, 55, 60, 52, 54, 48, 49, 43, 49, 37, 51, 42, 44, 51, 35, 62, 38, 47, 28, 35, 44, 43, 63, 39, 35, 42, 40, 47, 31, 22, 31, 43, 35, 25, 28, 36, 34, 28, 31, 30, 46, 30, 22, 37, 37, 29, 20, 38, 24, 22, 27}, 
/* N=54 */ {2916, 729, 1310, 297, 600, 313, 430, 140, 503, 146, 268, 133, 267, 105, 270, 70, 174, 123, 176, 57, 204, 61, 130, 67, 122, 68, 176, 48, 94, 53, 113, 37, 124, 40, 76, 43, 88, 40, 127, 26, 69, 37, 59, 25, 108, 39, 67, 41, 59, 30, 68, 24, 43, 35, 32, 15, 83, 18, 56, 29, 42, 29, 73, 22, 66, 33, 54, 21, 67, 23, 54, 27, 51, 24, 49, 24, 47, 29, 24, 10, 58, 17, 30, 11, 43, 9, 36, 2, 27, 21, 43, 13, 40, 15, 45, 22, 21, 14, 43, 13}, 
/* N=55 */ {3025, 1485, 908, 751, 557, 481, 448, 456, 308, 279, 247, 230, 225, 213, 152, 228, 155, 152, 151, 150, 140, 117, 129, 141, 99, 100, 118, 118, 129, 82, 111, 115, 69, 73, 68, 73, 61, 70, 64, 79, 66, 75, 68, 62, 47, 65, 86, 72, 74, 50, 45, 55, 42, 61, 34, 70, 40, 54, 31, 41, 47, 45, 44, 59, 39, 39, 45, 50, 58, 38, 31, 49, 38, 34, 23, 45, 41, 34, 29, 37, 33, 28, 37, 42, 33, 34, 24, 37, 33, 24, 30, 32, 34, 37, 24, 31, 21, 39, 19, 33}, 
/* N=56 */ {3136, 3136, 958, 1632, 640, 958, 468, 748, 303, 640, 272, 503, 271, 468, 177, 368, 199, 303, 180, 319, 140, 272, 161, 213, 152, 271, 90, 250, 113, 177, 124, 162, 90, 199, 96, 166, 95, 180, 73, 128, 66, 140, 56, 146, 61, 161, 54, 102, 47, 152, 56, 153, 56, 90, 53, 100, 53, 113, 68, 73, 54, 124, 47, 91, 55, 90, 64, 106, 38, 96, 38, 73, 43, 95, 53, 98, 39, 73, 49, 57, 21, 66, 55, 72, 24, 56, 30, 67, 51, 61, 41, 77, 38, 54, 36, 53, 33, 47, 29, 63}, 
/* N=57 */ {3249, 1653, 1053, 316, 635, 559, 489, 144, 345, 317, 286, 128, 217, 260, 207, 69, 211, 182, 185, 50, 158, 128, 121, 57, 111, 106, 121, 56, 125, 109, 92, 39, 85, 106, 96, 47, 87, 93, 71, 22, 70, 83, 69, 24, 59, 72, 71, 30, 71, 62, 85, 22, 78, 69, 62, 25, 56, 63, 38, 18, 59, 39, 56, 20, 37, 42, 49, 17, 34, 53, 52, 19, 27, 41, 30, 18, 37, 41, 53, 11, 43, 30, 40, 20, 47, 31, 29, 11, 38, 24, 32, 13, 28, 34, 30, 15, 33, 32, 25, 10}, 
/* N=58 */ {3364, 841, 1053, 419, 646, 317, 437, 207, 333, 173, 325, 151, 256, 124, 184, 90, 225, 72, 193, 84, 152, 79, 132, 78, 115, 56, 125, 55, 125, 62, 96, 46, 104, 57, 93, 41, 80, 54, 84, 43, 84, 40, 82, 43, 49, 32, 76, 34, 40, 33, 70, 44, 88, 33, 53, 31, 63, 25, 46, 20, 67, 19, 39, 15, 62, 21, 72, 40, 46, 34, 43, 30, 44, 34, 47, 29, 61, 20, 46, 30, 42, 21, 41, 16, 48, 29, 38, 20, 39, 4, 32, 18, 25, 21, 33, 10, 29, 15, 44, 10}, 
/* N=59 */ {3481, 1711, 1138, 1036, 725, 565, 510, 521, 407, 351, 317, 347, 217, 241, 257, 270, 192, 207, 194, 216, 160, 147, 168, 177, 134, 106, 114, 137, 123, 120, 134, 141, 113, 90, 105, 121, 99, 109, 69, 106, 84, 70, 88, 88, 83, 88, 69, 95, 96, 54, 83, 64, 80, 55, 69, 60, 63, 73, 45, 79, 57, 65, 49, 80, 37, 57, 50, 53, 54, 51, 31, 56, 48, 46, 56, 67, 37, 42, 38, 55, 32, 38, 40, 41, 49, 44, 47, 47, 43, 42, 28, 47, 37, 26, 33, 49, 29, 35, 41, 30}, 
/* N=60 */ {3600, 3600, 1606, 1666, 918, 1606, 493, 813, 617, 918, 281, 698, 330, 493, 392, 395, 196, 617, 175, 429, 261, 281, 120, 337, 164, 330, 213, 192, 119, 392, 127, 199, 119, 196, 141, 242, 76, 175, 158, 227, 130, 261, 129, 130, 154, 120, 56, 173, 74, 164, 101, 160, 74, 213, 69, 93, 70, 119, 57, 152, 58, 127, 118, 111, 105, 119, 63, 89, 43, 141, 51, 129, 32, 76, 92, 87, 43, 158, 44, 112, 77, 130, 26, 90, 43, 129, 60, 57, 56, 154, 42, 77, 56, 56, 41, 91, 20, 74, 46, 56}, 
/* N=61 */ {3721, 1891, 890, 914, 637, 446, 543, 443, 354, 329, 279, 231, 301, 261, 151, 214, 196, 169, 193, 140, 141, 126, 186, 93, 104, 164, 109, 125, 118, 72, 136, 93, 70, 102, 111, 76, 97, 89, 74, 69, 79, 68, 100, 56, 45, 91, 80, 40, 108, 58, 51, 70, 66, 50, 49, 66, 51, 60, 65, 29, 60, 61, 53, 46, 50, 26, 43, 55, 51, 63, 52, 25, 43, 57, 25, 43, 30, 48, 31, 40, 55, 48, 50, 39, 24, 52, 38, 32, 29, 25, 27, 39, 24, 35, 36, 17, 35, 41, 12, 22}, 
/* N=62 */ {3844, 961, 1403, 448, 887, 331, 572, 250, 454, 184, 334, 151, 293, 147, 336, 118, 244, 102, 227, 90, 212, 88, 121, 84, 173, 73, 175, 71, 148, 66, 132, 56, 125, 56, 126, 40, 86, 53, 113, 52, 98, 48, 83, 40, 106, 33, 87, 37, 69, 40, 89, 44, 71, 47, 83, 45, 82, 36, 49, 28, 61, 17, 58, 23, 64, 27, 53, 23, 43, 26, 53, 21, 56, 31, 85, 35, 65, 37, 75, 36, 80, 27, 63, 24, 69, 18, 54, 30, 38, 18, 59, 19, 54, 16, 47, 17, 42, 24, 31, 18}, 
/* N=63 */ {3969, 1953, 1389, 935, 823, 633, 558, 476, 481, 415, 335, 287, 324, 255, 286, 253, 219, 211, 237, 193, 213, 172, 187, 153, 184, 153, 133, 115, 112, 126, 138, 129, 148, 114, 124, 101, 109, 110, 123, 98, 108, 85, 75, 80, 91, 110, 71, 75, 79, 99, 70, 77, 113, 55, 94, 49, 100, 57, 67, 45, 81, 69, 70, 60, 63, 77, 51, 53, 64, 55, 38, 53, 57, 56, 46, 48, 38, 64, 45, 57, 28, 44, 42, 35, 44, 44, 37, 43, 47, 40, 41, 69, 37, 36, 45, 30, 28, 24, 51, 49}, 
/* N=64 */ {4096, 4096, 1478, 2068, 817, 1478, 625, 1064, 503, 817, 389, 724, 309, 625, 341, 507, 243, 503, 225, 392, 228, 389, 173, 363, 171, 309, 165, 335, 122, 341, 120, 295, 139, 243, 109, 251, 97, 225, 96, 223, 120, 228, 96, 193, 133, 173, 78, 166, 67, 171, 76, 168, 71, 165, 72, 173, 75, 122, 57, 147, 90, 120, 85, 131, 61, 139, 65, 110, 67, 109, 46, 129, 52, 97, 71, 123, 75, 96, 56, 130, 67, 120, 73, 139, 62, 96, 33, 95, 53, 133, 32, 100, 53, 78, 40, 90, 42, 67, 45, 70}, 
/* N=65 */ {4225, 2145, 1398, 516, 820, 704, 596, 309, 455, 407, 347, 180, 368, 298, 271, 162, 242, 242, 214, 101, 187, 171, 186, 129, 175, 184, 163, 63, 135, 129, 136, 71, 117, 142, 112, 65, 133, 107, 111, 58, 83, 89, 112, 36, 72, 88, 85, 65, 91, 92, 98, 45, 88, 91, 69, 37, 79, 68, 77, 32, 53, 63, 59, 34, 72, 51, 62, 37, 46, 53, 66, 47, 56, 58, 55, 36, 35, 62, 44, 25, 64, 41, 49, 22, 35, 53, 45, 21, 45, 39, 50, 22, 32, 49, 28, 26, 58, 51, 41, 18}, 
/* N=66 */ {4356, 1089, 1648, 495, 919, 302, 694, 250, 522, 242, 401, 142, 386, 180, 343, 107, 234, 93, 214, 130, 254, 102, 201, 81, 205, 82, 154, 84, 195, 66, 181, 60, 159, 52, 130, 46, 105, 44, 156, 76, 98, 53, 117, 39, 108, 48, 108, 30, 85, 47, 82, 43, 55, 34, 92, 47, 80, 55, 64, 37, 82, 53, 74, 27, 79, 21, 55, 20, 66, 35, 50, 20, 61, 26, 78, 16, 91, 30, 58, 42, 64, 28, 72, 31, 58, 35, 90, 22, 65, 23, 69, 23, 65, 24, 48, 18, 68, 17, 40, 26}, 
/* N=67 */ {4489, 2211, 1355, 1122, 881, 648, 611, 646, 487, 440, 396, 329, 320, 311, 255, 224, 261, 232, 243, 219, 196, 198, 173, 181, 190, 145, 152, 154, 158, 124, 159, 132, 118, 126, 142, 113, 135, 112, 81, 125, 135, 87, 84, 90, 71, 85, 102, 63, 99, 89, 102, 76, 97, 68, 87, 81, 77, 72, 72, 64, 55, 85, 72, 73, 65, 55, 84, 50, 48, 77, 54, 61, 58, 68, 53, 48, 53, 40, 68, 44, 60, 75, 40, 46, 54, 51, 48, 47, 52, 39, 35, 45, 60, 47, 47, 39, 62, 59, 41, 40}, 
/* N=68 */ {4624, 4624, 1597, 2302, 933, 1597, 722, 1152, 447, 933, 459, 795, 347, 722, 298, 568, 281, 447, 215, 464, 243, 459, 197, 390, 151, 347, 147, 362, 171, 298, 176, 297, 159, 281, 126, 233, 145, 215, 121, 255, 128, 243, 94, 235, 102, 197, 132, 192, 127, 151, 77, 158, 87, 147, 88, 213, 61, 171, 71, 144, 75, 176, 75, 139, 62, 159, 71, 137, 61, 126, 61, 112, 61, 145, 49, 117, 56, 121, 55, 131, 54, 128, 60, 132, 80, 94, 58, 126, 51, 102, 57, 98, 62, 132, 43, 104, 50, 127, 35, 71}, 
/* N=69 */ {4761, 2415, 1438, 1162, 972, 687, 703, 513, 454, 469, 400, 326, 386, 355, 297, 254, 304, 206, 257, 212, 232, 203, 195, 143, 200, 197, 166, 156, 152, 134, 172, 118, 131, 152, 138, 87, 112, 122, 116, 97, 116, 103, 134, 105, 90, 89, 112, 76, 92, 81, 81, 94, 91, 71, 74, 76, 92, 77, 92, 57, 87, 90, 103, 60, 104, 62, 80, 67, 54, 57, 70, 41, 61, 54, 48, 53, 58, 57, 62, 47, 39, 60, 47, 45, 45, 83, 41, 53, 44, 42, 53, 41, 48, 61, 56, 42, 50, 48, 28, 38}, 
/* N=70 */ {4900, 1225, 1482, 581, 1037, 367, 725, 275, 554, 221, 424, 171, 406, 180, 301, 132, 244, 139, 329, 78, 236, 94, 242, 84, 165, 94, 178, 84, 153, 67, 150, 48, 124, 65, 129, 53, 133, 85, 141, 41, 130, 59, 127, 58, 113, 64, 109, 39, 73, 46, 82, 30, 64, 42, 79, 33, 92, 50, 95, 32, 59, 44, 81, 32, 96, 34, 74, 31, 56, 12, 92, 14, 83, 20, 47, 37, 50, 22, 63, 10, 56, 41, 97, 38, 63, 41, 45, 32, 62, 36, 94, 39, 69, 32, 111, 23, 45, 32, 48, 22}, 
/* N=71 */ {5041, 2485, 1705, 1249, 1040, 844, 691, 734, 580, 527, 455, 437, 346, 361, 335, 351, 313, 292, 247, 281, 222, 215, 201, 277, 205, 176, 192, 191, 156, 164, 151, 188, 130, 160, 140, 145, 135, 114, 121, 161, 108, 119, 120, 100, 117, 105, 107, 144, 106, 95, 97, 89, 95, 90, 113, 120, 97, 75, 113, 92, 93, 86, 82, 91, 73, 64, 90, 76, 75, 87, 71, 90, 69, 65, 65, 59, 44, 57, 65, 77, 55, 52, 57, 63, 58, 62, 51, 60, 68, 60, 47, 52, 56, 55, 50, 76, 55, 61, 44, 42}, 
/* N=72 */ {5184, 5184, 2774, 2976, 1211, 2774, 876, 1490, 984, 1211, 545, 1544, 382, 876, 633, 833, 287, 984, 235, 654, 507, 545, 242, 766, 247, 382, 355, 517, 164, 633, 145, 406, 327, 287, 195, 568, 133, 235, 211, 318, 117, 507, 156, 273, 221, 242, 129, 423, 140, 247, 156, 227, 77, 355, 141, 252, 120, 164, 88, 341, 56, 145, 170, 199, 56, 327, 62, 144, 120, 195, 66, 255, 59, 133, 111, 129, 88, 211, 49, 191, 115, 117, 53, 296, 72, 156, 95, 119, 70, 221, 67, 153, 77, 129, 53, 211, 31, 140, 114, 123}, 
/* N=73 */ {5329, 2701, 1133, 608, 1009, 568, 843, 318, 390, 503, 484, 103, 378, 425, 169, 147, 283, 209, 275, 124, 187, 243, 185, 56, 202, 213, 139, 87, 188, 81, 175, 69, 101, 140, 129, 42, 144, 146, 69, 70, 135, 89, 149, 53, 59, 99, 127, 28, 106, 99, 47, 47, 102, 85, 103, 42, 56, 99, 87, 13, 88, 90, 75, 30, 74, 51, 74, 47, 42, 59, 74, 23, 68, 77, 36, 26, 72, 30, 69, 25, 36, 54, 79, 17, 39, 68, 50, 25, 55, 37, 59, 21, 43, 70, 49, 18, 51, 60, 38, 34}, 
/* N=74 */ {5476, 1369, 1967, 693, 1206, 451, 771, 345, 620, 303, 518, 234, 403, 169, 437, 165, 333, 133, 297, 166, 269, 125, 258, 110, 230, 81, 177, 80, 172, 94, 197, 94, 187, 77, 178, 68, 161, 69, 143, 85, 116, 54, 118, 58, 153, 57, 134, 63, 129, 69, 118, 43, 95, 36, 95, 42, 96, 49, 89, 56, 95, 62, 79, 52, 109, 39, 100, 45, 83, 39, 58, 29, 74, 35, 69, 25, 60, 26, 54, 33, 60, 31, 67, 27, 94, 36, 80, 35, 68, 38, 81, 27, 92, 31, 79, 46, 123, 25, 63, 50}, 
/* N=75 */ {5625, 2775, 2051, 1420, 1282, 1057, 784, 706, 728, 603, 518, 524, 437, 349, 486, 321, 332, 382, 256, 279, 279, 273, 286, 264, 258, 229, 254, 174, 173, 247, 178, 178, 159, 164, 185, 186, 125, 134, 177, 136, 151, 134, 119, 128, 155, 125, 152, 128, 106, 119, 98, 107, 94, 136, 129, 91, 105, 83, 94, 115, 92, 92, 104, 77, 130, 94, 138, 91, 128, 71, 68, 95, 111, 62, 95, 67, 67, 84, 65, 68, 92, 68, 80, 64, 77, 58, 56, 60, 64, 87, 53, 56, 71, 75, 60, 75, 42, 51, 59, 59}, 
/* N=76 */ {5776, 5776, 1608, 2846, 1226, 1608, 853, 1422, 511, 1226, 489, 735, 449, 853, 317, 741, 311, 511, 271, 600, 243, 489, 239, 385, 237, 449, 154, 396, 157, 317, 197, 345, 141, 311, 182, 226, 176, 271, 150, 326, 130, 243, 124, 226, 79, 239, 142, 196, 186, 237, 126, 252, 140, 154, 129, 195, 82, 157, 99, 146, 112, 197, 55, 181, 91, 141, 84, 160, 71, 182, 69, 121, 74, 176, 51, 134, 61, 150, 59, 162, 54, 130, 72, 111, 59, 124, 58, 126, 51, 79, 62, 127, 63, 142, 64, 113, 59, 186, 40, 132}, 
/* N=77 */ {5929, 3003, 1980, 1494, 1109, 952, 850, 744, 660, 519, 564, 519, 454, 422, 362, 363, 326, 324, 368, 258, 292, 273, 249, 252, 225, 234, 231, 215, 213, 157, 179, 182, 165, 158, 155, 173, 148, 197, 146, 131, 160, 140, 166, 137, 125, 123, 102, 122, 133, 101, 103, 110, 100, 114, 76, 100, 116, 104, 111, 86, 103, 107, 106, 92, 105, 68, 88, 77, 101, 69, 97, 87, 79, 72, 75, 88, 83, 72, 77, 61, 75, 67, 67, 76, 52, 99, 60, 71, 43, 62, 60, 56, 67, 53, 66, 56, 72, 68, 45, 53}, 
/* N=78 */ {6084, 1521, 2283, 711, 1514, 491, 914, 367, 747, 385, 603, 221, 460, 214, 538, 187, 317, 183, 322, 171, 360, 156, 266, 118, 329, 117, 283, 98, 156, 132, 164, 78, 186, 88, 224, 107, 219, 91, 163, 87, 148, 72, 136, 82, 160, 72, 94, 52, 119, 82, 134, 69, 101, 66, 152, 31, 114, 40, 98, 53, 90, 40, 129, 47, 98, 43, 84, 52, 109, 59, 88, 60, 56, 47, 108, 32, 69, 25, 76, 34, 119, 31, 65, 26, 82, 39, 57, 38, 69, 44, 70, 41, 65, 23, 102, 32, 61, 33, 71, 38}, 
/* N=79 */ {6241, 3081, 1754, 1525, 1170, 956, 916, 760, 535, 563, 598, 503, 494, 451, 311, 392, 374, 289, 325, 261, 243, 286, 225, 260, 211, 232, 188, 227, 242, 165, 238, 186, 169, 192, 129, 151, 159, 163, 142, 117, 161, 124, 172, 139, 99, 105, 120, 131, 114, 105, 99, 111, 114, 107, 93, 106, 82, 112, 113, 74, 112, 113, 84, 93, 94, 100, 126, 83, 74, 70, 78, 88, 80, 86, 51, 80, 75, 78, 82, 59, 55, 68, 72, 62, 54, 83, 67, 68, 69, 53, 55, 49, 69, 65, 62, 68, 58, 62, 62, 53}, 
/* N=80 */ {6400, 6400, 2612, 3532, 1361, 2612, 952, 1692, 1007, 1361, 533, 1527, 497, 952, 539, 846, 400, 1007, 326, 746, 394, 533, 252, 721, 259, 497, 364, 525, 203, 539, 175, 445, 217, 400, 248, 635, 182, 326, 175, 357, 134, 394, 152, 283, 196, 252, 157, 355, 136, 259, 188, 294, 140, 364, 102, 278, 107, 203, 103, 294, 103, 175, 136, 218, 99, 217, 87, 205, 92, 248, 68, 323, 84, 182, 115, 193, 49, 175, 81, 145, 130, 134, 85, 220, 82, 152, 86, 139, 77, 196, 68, 144, 80, 157, 64, 188, 55, 136, 111, 143}, 
/* N=81 */ {6561, 3321, 2162, 670, 1260, 951, 979, 342, 752, 605, 567, 185, 516, 496, 422, 166, 382, 346, 296, 131, 316, 279, 279, 103, 263, 250, 252, 101, 240, 174, 225, 89, 202, 192, 186, 50, 172, 148, 165, 60, 155, 137, 127, 63, 150, 146, 124, 48, 154, 118, 135, 48, 114, 114, 73, 49, 105, 127, 87, 37, 112, 119, 105, 51, 114, 86, 104, 46, 100, 90, 103, 32, 122, 85, 111, 25, 77, 62, 90, 33, 81, 64, 67, 18, 93, 57, 77, 36, 79, 63, 71, 20, 56, 71, 46, 28, 49, 89, 64, 28}, 
/* N=82 */ {6724, 1681, 2308, 839, 1516, 547, 901, 443, 735, 412, 610, 273, 501, 224, 507, 218, 411, 187, 351, 210, 305, 143, 230, 158, 244, 115, 256, 107, 235, 132, 200, 106, 208, 100, 215, 93, 152, 90, 221, 97, 174, 76, 149, 75, 158, 53, 143, 68, 148, 99, 142, 55, 143, 62, 142, 54, 144, 67, 102, 68, 88, 36, 92, 54, 110, 36, 91, 62, 76, 64, 84, 59, 86, 42, 67, 47, 80, 53, 72, 46, 91, 39, 75, 32, 98, 28, 84, 32, 58, 40, 67, 22, 62, 34, 86, 37, 99, 42, 73, 65}, 
/* N=83 */ {6889, 3403, 2204, 2058, 1289, 1108, 962, 1310, 745, 606, 611, 636, 572, 457, 412, 638, 444, 383, 322, 375, 296, 322, 305, 417, 242, 275, 239, 265, 224, 206, 264, 321, 171, 215, 168, 236, 135, 141, 166, 246, 214, 142, 165, 214, 146, 139, 196, 208, 134, 112, 141, 166, 113, 117, 100, 174, 67, 111, 100, 131, 104, 122, 98, 162, 110, 102, 98, 138, 134, 82, 127, 159, 143, 64, 86, 87, 83, 83, 99, 118, 92, 116, 88, 78, 87, 72, 59, 142, 61, 74, 81, 78, 89, 86, 59, 108, 70, 55, 56, 78}, 
/* N=84 */ {7056, 7056, 2640, 3066, 1594, 2640, 1093, 1525, 874, 1594, 595, 1093, 643, 1093, 569, 731, 379, 874, 482, 677, 374, 595, 310, 535, 296, 643, 318, 468, 225, 569, 216, 353, 203, 379, 237, 353, 220, 482, 275, 328, 157, 374, 142, 260, 169, 310, 129, 242, 159, 296, 152, 281, 158, 318, 165, 246, 234, 225, 153, 197, 112, 216, 101, 171, 153, 203, 110, 159, 89, 237, 63, 184, 86, 220, 96, 201, 81, 275, 67, 117, 96, 157, 74, 146, 72, 142, 111, 126, 95, 169, 111, 152, 88, 129, 128, 128, 69, 159, 66, 138}, 
/* N=85 */ {7225, 3655, 2370, 1790, 1305, 1163, 1019, 879, 723, 630, 698, 424, 494, 521, 418, 419, 420, 375, 370, 296, 305, 361, 252, 204, 267, 242, 225, 256, 249, 193, 255, 221, 182, 188, 178, 138, 201, 184, 174, 152, 173, 149, 177, 183, 139, 138, 174, 101, 183, 135, 142, 118, 139, 117, 102, 141, 101, 127, 115, 61, 89, 125, 88, 113, 95, 88, 115, 75, 89, 93, 141, 63, 100, 108, 98, 94, 112, 85, 99, 96, 76, 88, 82, 42, 76, 104, 72, 87, 88, 61, 75, 70, 66, 84, 67, 53, 61, 94, 52, 70}, 
/* N=86 */ {7396, 1849, 2621, 911, 1511, 628, 1145, 463, 835, 331, 707, 361, 520, 280, 566, 259, 467, 241, 375, 136, 396, 188, 351, 176, 286, 132, 261, 138, 294, 108, 261, 122, 238, 134, 245, 141, 205, 98, 181, 74, 160, 80, 162, 81, 155, 99, 161, 91, 146, 65, 195, 71, 125, 77, 131, 72, 122, 48, 121, 51, 115, 78, 130, 51, 101, 68, 98, 61, 108, 56, 97, 78, 105, 54, 108, 55, 99, 50, 106, 43, 81, 35, 89, 42, 75, 43, 107, 32, 67, 30, 77, 35, 64, 43, 51, 30, 74, 24, 97, 31}, 
/* N=87 */ {7569, 3741, 2441, 1895, 1576, 1275, 1109, 1021, 823, 747, 702, 708, 565, 541, 501, 505, 451, 475, 403, 332, 358, 374, 346, 400, 358, 277, 299, 260, 235, 253, 249, 252, 265, 238, 223, 268, 172, 173, 183, 165, 205, 183, 192, 196, 182, 166, 153, 193, 120, 166, 145, 137, 152, 172, 137, 132, 132, 115, 130, 125, 101, 125, 103, 115, 112, 143, 112, 124, 108, 108, 110, 158, 136, 98, 136, 81, 143, 96, 110, 87, 140, 103, 83, 89, 104, 103, 75, 115, 71, 93, 82, 81, 64, 88, 81, 94, 42, 55, 82, 63}, 
/* N=88 */ {7744, 7744, 2389, 4184, 1567, 2389, 1048, 2074, 800, 1567, 719, 1459, 636, 1048, 515, 984, 462, 800, 416, 916, 357, 719, 319, 693, 301, 636, 301, 585, 347, 515, 284, 475, 191, 462, 191, 457, 214, 416, 191, 459, 133, 357, 192, 379, 151, 319, 129, 339, 95, 301, 105, 335, 172, 301, 170, 254, 163, 347, 116, 355, 177, 284, 122, 247, 128, 191, 115, 245, 106, 191, 80, 220, 77, 214, 90, 217, 92, 191, 79, 220, 79, 133, 76, 225, 99, 192, 102, 198, 76, 151, 76, 134, 103, 129, 61, 131, 73, 95, 76, 187}, 
/* N=89 */ {7921, 4005, 2665, 666, 1554, 1279, 1157, 334, 861, 807, 717, 208, 623, 574, 533, 176, 442, 423, 432, 150, 333, 365, 366, 100, 362, 315, 277, 96, 284, 265, 263, 86, 227, 241, 253, 80, 193, 215, 203, 78, 171, 135, 195, 52, 169, 204, 163, 46, 181, 187, 150, 52, 123, 135, 138, 46, 132, 139, 154, 46, 108, 126, 111, 36, 135, 95, 121, 26, 132, 138, 119, 40, 121, 107, 123, 41, 97, 99, 100, 43, 94, 94, 132, 27, 81, 112, 90, 31, 77, 80, 75, 31, 81, 83, 79, 23, 97, 74, 73, 40}, 
/* N=90 */ {8100, 2025, 3984, 825, 1942, 1100, 1178, 405, 1436, 469, 713, 440, 622, 279, 939, 244, 438, 377, 400, 189, 591, 187, 367, 221, 422, 174, 508, 116, 283, 216, 199, 101, 329, 113, 268, 139, 242, 119, 309, 94, 227, 148, 176, 85, 359, 80, 153, 144, 164, 98, 197, 68, 140, 128, 188, 53, 186, 85, 129, 89, 147, 48, 210, 48, 159, 89, 95, 41, 163, 49, 123, 72, 119, 66, 191, 69, 95, 112, 119, 72, 196, 59, 76, 59, 89, 66, 131, 33, 98, 63, 83, 33, 102, 40, 78, 57, 62, 42, 105, 24}, 
/* N=91 */ {8281, 4095, 2107, 2192, 1653, 1184, 1216, 1122, 683, 883, 719, 713, 701, 587, 447, 539, 548, 399, 421, 492, 323, 342, 354, 356, 299, 348, 218, 331, 287, 257, 281, 286, 183, 274, 253, 235, 239, 206, 157, 233, 159, 182, 170, 182, 136, 180, 239, 171, 203, 178, 160, 187, 169, 120, 126, 167, 103, 142, 117, 158, 132, 135, 82, 157, 118, 105, 124, 133, 93, 132, 130, 132, 98, 114, 72, 116, 132, 92, 108, 113, 84, 80, 101, 116, 145, 90, 59, 102, 91, 80, 93, 94, 65, 127, 67, 98, 101, 86, 52, 88}, 
/* N=92 */ {8464, 8464, 2823, 4066, 1915, 2823, 1255, 2042, 933, 1915, 753, 1354, 658, 1255, 614, 1015, 447, 933, 439, 833, 458, 753, 370, 685, 390, 658, 317, 595, 245, 614, 315, 469, 244, 447, 290, 441, 266, 439, 214, 402, 259, 458, 193, 370, 186, 370, 156, 339, 180, 390, 140, 321, 146, 317, 180, 325, 125, 245, 182, 262, 165, 315, 205, 231, 169, 244, 106, 211, 131, 290, 121, 206, 84, 266, 125, 208, 110, 214, 105, 189, 101, 259, 88, 226, 102, 193, 79, 198, 92, 186, 56, 154, 107, 156, 111, 163, 91, 180, 85, 168}, 
/* N=93 */ {8649, 4371, 2805, 2138, 1807, 1438, 1261, 1074, 977, 864, 828, 699, 622, 639, 609, 506, 524, 515, 474, 414, 391, 431, 464, 357, 372, 301, 350, 308, 327, 288, 251, 250, 286, 270, 288, 261, 243, 239, 156, 204, 232, 194, 180, 197, 188, 246, 164, 175, 199, 169, 183, 172, 192, 185, 164, 157, 139, 170, 172, 134, 141, 115, 109, 122, 130, 153, 101, 103, 121, 133, 139, 117, 114, 123, 147, 133, 118, 86, 136, 101, 130, 118, 150, 93, 117, 74, 147, 107, 99, 94, 101, 123, 71, 76, 102, 85, 79, 104, 98, 81}, 
/* N=94 */ {8836, 2209, 3166, 1103, 1879, 859, 1215, 556, 1063, 452, 775, 433, 657, 284, 660, 275, 527, 310, 528, 247, 425, 190, 371, 214, 414, 169, 320, 132, 354, 164, 300, 128, 271, 143, 257, 157, 228, 134, 244, 117, 232, 107, 240, 99, 251, 93, 192, 100, 173, 113, 154, 86, 150, 108, 146, 53, 184, 83, 157, 95, 165, 63, 144, 62, 148, 86, 111, 71, 158, 55, 103, 73, 97, 50, 127, 71, 116, 65, 116, 60, 88, 57, 125, 60, 119, 57, 134, 53, 73, 68, 77, 47, 107, 44, 102, 44, 87, 31, 109, 45}, 
/* N=95 */ {9025, 4465, 2891, 2291, 1819, 1405, 1328, 1172, 959, 892, 818, 746, 642, 645, 564, 619, 529, 463, 430, 449, 444, 393, 333, 386, 383, 325, 323, 338, 317, 279, 255, 274, 249, 268, 288, 264, 273, 226, 209, 229, 229, 232, 192, 186, 191, 162, 188, 198, 195, 191, 211, 163, 197, 155, 153, 159, 135, 161, 150, 153, 142, 132, 155, 129, 120, 113, 141, 135, 104, 135, 113, 139, 118, 144, 115, 113, 117, 109, 124, 136, 108, 113, 116, 130, 131, 103, 114, 89, 120, 102, 103, 87, 78, 89, 84, 84, 88, 99, 91, 102}, 
/* N=96 */ {9216, 9216, 3556, 5084, 1992, 3556, 1354, 3350, 1234, 1992, 915, 1960, 726, 1354, 794, 1817, 555, 1234, 484, 1134, 480, 915, 403, 1304, 397, 726, 399, 818, 267, 794, 380, 936, 368, 555, 260, 672, 235, 484, 264, 724, 225, 480, 208, 527, 233, 403, 201, 717, 150, 397, 188, 381, 195, 399, 209, 510, 170, 267, 119, 446, 126, 380, 177, 508, 167, 368, 167, 325, 167, 260, 126, 445, 113, 235, 166, 263, 130, 264, 110, 417, 119, 225, 108, 313, 105, 208, 86, 350, 81, 233, 111, 222, 146, 201, 89, 368, 87, 150, 145, 223}, 
/* N=97 */ {9409, 4753, 2611, 868, 1785, 1226, 1418, 416, 823, 905, 850, 206, 762, 678, 476, 195, 561, 374, 460, 171, 412, 436, 422, 101, 351, 388, 308, 111, 380, 220, 292, 102, 224, 258, 281, 60, 252, 211, 217, 74, 217, 191, 234, 64, 147, 197, 165, 46, 211, 180, 177, 68, 233, 134, 168, 58, 120, 205, 177, 40, 154, 148, 126, 46, 131, 113, 121, 49, 121, 116, 140, 30, 121, 133, 109, 46, 119, 100, 141, 34, 97, 106, 127, 17, 127, 126, 141, 33, 110, 64, 129, 35, 82, 85, 89, 30, 89, 97, 53, 36}, 
/* N=98 */ {9604, 2401, 3766, 1106, 1899, 992, 1567, 546, 1271, 430, 804, 444, 732, 361, 755, 270, 571, 324, 527, 196, 607, 175, 399, 223, 346, 225, 444, 148, 319, 206, 311, 125, 309, 140, 308, 141, 280, 147, 300, 94, 215, 141, 257, 93, 259, 77, 216, 105, 212, 75, 234, 121, 177, 109, 161, 62, 180, 79, 173, 86, 161, 83, 183, 65, 156, 79, 162, 72, 147, 55, 168, 57, 101, 67, 136, 64, 127, 88, 103, 51, 166, 57, 83, 65, 102, 73, 130, 47, 129, 69, 134, 29, 122, 52, 85, 43, 75, 37, 96, 32}, 
/* N=99 */ {9801, 4851, 3507, 2438, 2014, 1638, 1441, 1295, 1210, 1012, 934, 765, 712, 699, 710, 586, 556, 567, 539, 487, 548, 458, 426, 402, 456, 362, 422, 312, 398, 322, 358, 287, 317, 244, 304, 268, 274, 261, 250, 283, 220, 240, 216, 229, 223, 213, 184, 172, 220, 234, 228, 178, 175, 193, 202, 174, 191, 197, 135, 135, 146, 169, 188, 146, 128, 144, 151, 117, 137, 160, 118, 139, 122, 132, 153, 125, 139, 120, 153, 133, 144, 120, 147, 82, 141, 113, 168, 124, 155, 99, 123, 104, 163, 95, 105, 93, 89, 93, 113, 119}, 
